292.00 234.00 320.00 229.00 29.26
316.00 235.00 336.00 236.00 17.08
334.00 234.00 354.00 243.00 19.61
350.00 243.00 370.00 256.00 21.38
367.00 257.00 380.00 275.00 9.19
381.00 275.00 385.00 304.00 19.67
385.00 305.00 377.00 332.00 17.90
375.00 336.00 359.00 352.00 25.46
336.00 365.00 356.00 358.00 30.02
301.00 375.00 330.00 368.00 30.37
283.00 374.00 306.00 378.00 24.50
257.00 365.00 284.00 374.00 20.87
239.00 350.00 261.00 365.00 20.88
232.00 328.00 247.00 351.00 20.83
229.00 302.00 233.00 325.00 25.53
235.00 281.00 232.00 300.00 19.24
246.00 259.00 236.00 281.00 26.82
263.00 245.00 245.00 262.00 20.44
257.00 251.00 277.00 238.00 25.32
275.00 239.00 297.00 232.00 21.14
