311.00 246.00 333.00 243.00 21.35
330.00 244.00 354.00 256.00 26.83
352.00 255.00 365.00 267.00 20.58
366.00 273.00 368.00 299.00 17.94
372.00 300.00 358.00 321.00 22.19
335.00 336.00 354.00 326.00 28.97
311.00 338.00 334.00 336.00 21.48
293.00 335.00 311.00 340.00 35.01
276.00 325.00 295.00 336.00 27.42
264.00 309.00 276.00 325.00 16.80
259.00 281.00 263.00 303.00 18.78
272.00 259.00 262.00 278.00 20.96
271.00 263.00 283.00 248.00 13.43
283.00 252.00 295.00 243.00 22.40
292.00 243.00 313.00 240.00 19.52
