285.00 263.00 329.00 266.00 72.97
317.00 264.00 356.00 266.00 76.05
341.00 260.00 388.00 265.00 61.40
366.00 267.00 416.00 269.00 80.09
292.00 281.00 312.00 300.00 47.49
303.00 247.00 323.00 235.00 29.84
327.00 243.00 346.00 245.00 15.60
343.00 247.00 365.00 246.00 18.98
363.00 246.00 386.00 242.00 12.33
389.00 244.00 409.00 244.00 14.00
330.00 282.00 348.00 277.00 16.92
348.00 277.00 362.00 274.00 15.08
365.00 273.00 380.00 272.00 13.30
377.00 273.00 394.00 268.00 19.64
394.00 268.00 411.00 263.00 13.88
