186.00 306.00 191.00 325.00 23.11
188.00 332.00 201.00 351.00 26.84
198.00 350.00 217.00 367.00 22.68
215.00 365.00 246.00 379.00 22.76
245.00 382.00 270.00 383.00 24.94
274.00 380.00 295.00 370.00 23.73
296.00 370.00 317.00 361.00 28.10
317.00 360.00 331.00 342.00 23.33
348.00 324.00 336.00 345.00 21.09
351.00 296.00 353.00 320.00 16.28
349.00 272.00 357.00 291.00 20.85
345.00 258.00 353.00 280.00 21.70
325.00 248.00 345.00 268.00 22.63
308.00 237.00 332.00 245.00 19.61
284.00 233.00 312.00 238.00 29.60
263.00 234.00 291.00 231.00 27.06
247.00 240.00 269.00 232.00 18.96
227.00 244.00 252.00 235.00 23.33
215.00 253.00 236.00 240.00 20.89
205.00 269.00 219.00 247.00 17.79
202.00 263.00 192.00 286.00 27.99
189.00 288.00 189.00 306.00 18.00
