313.00 245.00 328.00 238.00 21.87
332.00 236.00 347.00 224.00 19.99
348.00 221.00 364.00 206.00 17.51
368.00 199.00 368.00 169.00 28.00
367.00 164.00 355.00 148.00 22.40
353.00 144.00 334.00 131.00 20.15
334.00 126.00 313.00 124.00 22.37
317.00 120.00 292.00 124.00 22.20
302.00 118.00 274.00 126.00 27.75
281.00 122.00 259.00 130.00 20.33
265.00 126.00 248.00 138.00 23.36
248.00 136.00 233.00 150.00 22.13
229.00 154.00 223.00 164.00 24.35
215.00 168.00 211.00 186.00 18.44
210.00 190.00 215.00 210.00 26.19
219.00 221.00 232.00 232.00 26.19
237.00 236.00 259.00 244.00 21.36
263.00 244.00 287.00 248.00 15.13
288.00 248.00 311.00 243.00 23.97
