330.00 308.00 351.00 300.00 45.30
297.00 282.00 316.00 290.00 16.69
286.00 275.00 301.00 282.00 18.49
267.00 263.00 285.00 274.00 21.42
253.00 250.00 267.00 261.00 16.40
236.00 234.00 248.00 245.00 17.69
251.00 227.00 267.00 232.00 12.40
267.00 231.00 285.00 234.00 19.73
283.00 239.00 305.00 238.00 16.98
302.00 242.00 325.00 249.00 16.39
327.00 250.00 342.00 251.00 16.90
353.00 264.00 340.00 244.00 34.62
305.00 261.00 338.00 272.00 77.16
279.00 251.00 310.00 259.00 80.28
256.00 250.00 287.00 256.00 75.06
240.00 240.00 273.00 250.00 70.42
