278.00 249.00 310.00 257.00 82.46
299.00 250.00 333.00 264.00 79.84
316.00 264.00 356.00 276.00 82.18
339.00 270.00 375.00 289.00 82.20
254.00 256.00 265.00 270.00 32.91
267.00 240.00 276.00 228.00 16.40
270.00 223.00 289.00 222.00 15.14
286.00 221.00 307.00 226.00 24.46
307.00 231.00 322.00 237.00 19.69
323.00 235.00 338.00 244.00 16.12
343.00 245.00 359.00 253.00 17.89
356.00 253.00 371.00 260.00 21.99
345.00 279.00 366.00 279.00 18.00
326.00 276.00 344.00 277.00 17.20
300.00 276.00 327.00 275.00 12.88
280.00 268.00 299.00 271.00 9.67
