240.00 233.00 263.00 215.00 31.29
261.00 218.00 285.00 209.00 22.24
284.00 204.00 305.00 203.00 26.83
302.00 198.00 330.00 206.00 26.38
332.00 205.00 352.00 212.00 21.23
360.00 210.00 368.00 232.00 26.14
370.00 227.00 378.00 250.00 18.64
383.00 237.00 382.00 264.00 19.17
386.00 263.00 372.00 290.00 25.51
374.00 290.00 358.00 310.00 29.36
338.00 321.00 357.00 312.00 36.34
313.00 324.00 336.00 321.00 22.42
292.00 327.00 314.00 326.00 22.88
262.00 321.00 290.00 331.00 26.77
242.00 300.00 262.00 322.00 22.46
235.00 286.00 246.00 309.00 29.89
232.00 257.00 231.00 283.00 25.21
245.00 236.00 234.00 256.00 29.61
