342.00 271.00 353.00 254.00 14.12
329.00 280.00 344.00 263.00 20.99
313.00 286.00 331.00 275.00 22.76
303.00 304.00 315.00 294.00 25.60
285.00 313.00 300.00 304.00 19.55
356.00 237.00 357.00 253.00 25.20
347.00 229.00 360.00 238.00 15.81
331.00 227.00 346.00 226.00 15.03
312.00 224.00 327.00 220.00 28.35
296.00 246.00 309.00 232.00 17.48
291.00 252.00 303.00 239.00 17.75
277.00 275.00 287.00 259.00 15.05
264.00 289.00 276.00 276.00 11.99
256.00 300.00 271.00 286.00 16.28
270.00 320.00 289.00 298.00 74.10
279.00 289.00 298.00 270.00 53.74
327.00 247.00 314.00 263.00 65.78
314.00 258.00 300.00 276.00 65.60
