266.00 136.00 288.00 131.00 23.76
288.00 128.00 312.00 129.00 21.07
314.00 128.00 330.00 132.00 14.07
337.00 133.00 349.00 143.00 23.04
354.00 144.00 367.00 157.00 26.87
370.00 158.00 376.00 182.00 23.77
379.00 183.00 376.00 202.00 25.47
375.00 209.00 361.00 228.00 23.39
358.00 232.00 341.00 245.00 22.99
338.00 246.00 320.00 251.00 21.31
316.00 251.00 300.00 255.00 27.16
297.00 255.00 281.00 254.00 20.96
278.00 256.00 259.00 251.00 27.99
256.00 250.00 241.00 241.00 34.64
237.00 239.00 225.00 227.00 16.97
226.00 224.00 218.00 207.00 23.74
217.00 205.00 218.00 185.00 23.47
221.00 183.00 228.00 164.00 20.25
235.00 162.00 248.00 150.00 30.64
252.00 148.00 266.00 141.00 29.52
