346.00 294.00 383.00 313.00 89.87
320.00 279.00 354.00 297.00 83.18
292.00 270.00 328.00 277.00 80.55
282.00 250.00 310.00 263.00 81.37
257.00 240.00 282.00 255.00 70.66
252.00 223.00 273.00 230.00 13.91
270.00 232.00 284.00 241.00 15.26
285.00 241.00 307.00 247.00 18.95
309.00 248.00 322.00 253.00 24.70
321.00 252.00 342.00 261.00 12.34
346.00 254.00 356.00 271.00 38.94
243.00 246.00 261.00 257.00 23.80
259.00 261.00 276.00 272.00 23.60
271.00 271.00 290.00 282.00 18.76
289.00 283.00 306.00 292.00 17.37
304.00 295.00 316.00 301.00 21.47
314.00 313.00 332.00 311.00 33.80
