365.78 221.96
404.22 180.04
353.78 210.96
365.78 221.96
392.22 169.04
366.44 209.97
369.56 160.03
334.44 207.97
366.44 209.97
337.56 158.03
327.08 174.49
332.92 209.51
291.08 180.49
327.08 174.49
296.92 215.51
291.73 178.11
312.27 205.89
268.73 195.11
291.73 178.11
289.27 222.89
264.78 197.22
291.22 208.78
250.78 229.22
264.78 197.22
277.22 240.78
241.53 266.56
280.47 263.44
239.53 241.56
241.53 266.56
278.47 238.44
261.07 308.09
296.93 279.91
239.07 280.09
261.07 308.09
274.93 251.91
308.40 324.27
321.60 289.73
274.40 311.27
308.40 324.27
287.60 276.73
331.08 343.92
356.92 320.08
307.08 317.92
331.08 343.92
332.92 294.08
408.20 240.98
427.80 211.02
382.20 223.98
408.20 240.98
401.80 194.02
249.12 218.42
274.88 223.58
244.12 243.42
249.12 218.42
269.88 248.58
337.93 165.92
346.07 200.08
316.93 170.92
337.93 165.92
325.07 205.08
369.27 200.97
382.73 177.03
353.27 191.97
369.27 200.97
366.73 168.03
