287.50 289.50
304.50 306.50
275.50 335.50
258.50 318.50
334.31 326.90
349.69 309.10
327.69 290.10
312.31 307.90
324.31 265.71
331.69 290.29
311.69 296.29
304.31 271.71
290.33 287.24
303.67 276.76
292.67 262.76
279.33 273.24
354.03 251.53
361.97 260.47
352.97 268.47
345.03 259.53
366.02 269.83
375.98 254.17
364.98 247.17
355.02 262.83
362.45 273.94
381.55 268.06
377.55 255.06
358.45 260.94
366.50 282.50
371.50 267.50
362.50 264.50
357.50 279.50
347.95 254.32
360.05 283.68
343.05 290.68
330.95 261.32
361.32 246.76
382.68 275.24
370.68 284.24
349.32 255.76
273.02 260.82
286.98 249.18
276.98 237.18
263.02 248.82
266.00 271.00
278.00 259.00
266.00 247.00
254.00 259.00
264.84 280.30
299.16 247.70
280.16 227.70
245.84 260.30
