263.00 225.00
263.00 199.00
281.00 199.00
281.00 225.00
301.36 203.74
302.64 220.26
289.64 221.26
288.36 204.74
316.93 234.19
327.07 205.81
313.07 200.81
302.93 229.19
317.63 245.95
346.37 224.05
330.37 203.05
301.63 224.95
321.57 234.04
346.43 237.96
343.43 256.96
318.57 253.04
320.82 244.90
347.18 259.10
340.18 272.10
313.82 257.90
320.27 258.34
333.73 275.66
324.73 282.66
311.27 265.34
314.85 264.77
323.15 295.23
301.15 301.23
292.85 270.77
291.34 301.10
294.66 272.90
277.66 270.90
274.34 299.10
264.13 301.14
275.87 268.86
264.87 264.86
253.13 297.14
244.75 290.70
263.25 275.30
253.25 263.30
234.75 278.70
231.54 274.57
258.46 257.43
251.46 246.43
224.54 263.57
