272.37 173.74
291.63 190.26
279.63 204.26
260.37 187.74
299.05 168.66
300.95 191.34
288.95 192.34
287.05 169.66
313.31 192.86
320.69 179.14
307.69 172.14
300.31 185.86
309.82 203.52
340.18 192.48
336.18 181.48
305.82 192.52
308.81 196.92
341.19 199.08
340.19 214.08
307.81 211.92
318.58 202.43
327.42 221.57
314.42 227.57
305.58 208.43
306.04 227.72
307.96 214.28
293.96 212.28
292.04 225.72
282.80 231.40
295.20 206.60
285.20 201.60
272.80 226.40
260.40 219.20
291.60 208.80
286.60 193.80
255.40 204.20
270.60 266.80
353.40 239.20
344.40 212.20
261.60 239.80
258.58 219.98
363.42 224.02
362.42 250.02
257.58 245.98
