360.55 302.58
379.45 345.42
326.55 317.58
360.55 302.58
345.45 360.42
315.31 316.00
350.69 356.00
289.31 339.00
315.31 316.00
324.69 379.00
262.72 366.41
301.28 339.59
246.72 343.41
262.72 366.41
285.28 316.59
241.03 283.75
294.97 286.25
239.03 326.75
241.03 283.75
292.97 329.25
246.67 230.18
295.33 233.82
241.67 297.18
246.67 230.18
290.33 300.82
290.20 198.40
303.80 225.60
268.20 209.40
290.20 198.40
281.80 236.60
318.27 247.33
337.73 218.67
290.27 228.33
318.27 247.33
309.73 199.67
263.04 207.02
296.96 224.98
254.04 224.02
263.04 207.02
287.96 241.98
292.88 375.40
307.12 328.60
269.88 368.40
292.88 375.40
284.12 321.60
