276.47 266.79
363.53 305.21
348.53 339.21
261.47 300.79
282.70 246.18
367.30 271.82
357.30 304.82
272.70 279.18
294.76 216.70
385.24 251.30
372.24 285.30
281.76 250.70
297.44 203.45
376.56 220.55
368.56 257.55
289.44 240.45
338.90 278.59
361.10 327.41
339.10 337.41
316.90 288.59
336.22 203.82
365.78 206.18
363.78 231.18
334.22 228.82
334.48 250.52
359.52 249.48
358.52 225.48
333.48 226.52
333.94 247.83
358.06 254.17
353.06 273.17
328.94 266.83
330.12 264.14
351.88 269.86
346.88 288.86
325.12 283.14
274.18 301.27
321.82 288.73
316.82 269.73
269.18 282.27
288.36 247.56
311.64 256.44
303.64 277.44
280.36 268.56
298.77 230.13
315.23 237.87
307.23 254.87
290.77 247.13
305.00 215.00
323.00 221.00
318.00 236.00
300.00 230.00
316.03 192.11
333.97 201.89
321.97 223.89
304.03 214.11
