319.31 245.97
334.69 228.03
327.69 222.03
312.31 239.97
314.00 243.00
314.00 221.00
323.00 221.00
323.00 243.00
303.01 224.58
320.99 237.42
315.99 244.42
298.01 231.58
321.77 231.15
332.23 246.85
320.23 254.85
309.77 239.15
337.92 302.38
342.08 281.62
322.08 277.62
317.92 298.38
331.64 318.23
338.36 299.77
316.36 291.77
309.64 310.23
329.48 322.53
346.52 279.47
298.52 260.47
281.48 303.53
302.50 235.50
321.50 254.50
304.50 271.50
285.50 252.50
299.72 219.65
342.28 242.35
334.28 257.35
291.72 234.65
263.00 282.00
273.00 262.00
251.00 251.00
241.00 271.00
252.56 274.39
259.44 297.61
232.44 305.61
225.56 282.39
268.00 296.00
268.00 260.00
290.00 260.00
290.00 296.00
