282.00 291.00
366.00 291.00
282.00 262.00
282.00 291.00
366.00 262.00
318.46 189.76
321.54 208.24
300.46 192.76
318.46 189.76
303.54 211.24
333.34 220.75
344.66 203.25
316.34 209.75
333.34 220.75
327.66 192.25
338.62 234.00
355.38 230.00
333.62 213.00
338.62 234.00
350.38 209.00
340.58 231.57
355.42 244.43
327.58 246.57
340.58 231.57
342.42 259.43
336.70 241.64
343.30 260.36
319.70 247.64
336.70 241.64
326.30 266.36
303.00 265.00
323.00 265.00
303.00 245.00
303.00 265.00
303.00 265.00
299.03 266.44
310.97 245.56
278.03 254.44
299.03 266.44
289.97 233.56
280.53 216.24
295.47 219.76
276.53 233.24
280.53 216.24
291.47 236.76
298.23 202.84
303.77 211.16
283.23 212.84
298.23 202.84
288.77 221.16
