320.70 308.10
327.30 327.90
299.70 315.10
320.70 308.10
306.30 334.90
304.19 315.64
307.81 334.36
273.19 321.64
304.19 315.64
276.81 340.36
287.71 337.48
288.29 318.52
254.71 336.48
287.71 337.48
255.29 317.52
289.72 250.57
290.28 265.43
262.72 251.57
289.72 250.57
263.28 266.43
313.09 268.75
314.91 257.25
294.09 265.75
313.09 268.75
295.91 254.25
239.99 261.27
264.01 266.73
234.99 283.27
239.99 261.27
259.01 288.73
236.95 279.04
257.05 280.96
234.95 300.04
236.95 279.04
255.05 301.96
229.27 294.51
252.73 295.49
228.27 318.51
229.27 294.51
251.73 319.49
