385.95 217.78
398.05 270.22
346.05 282.22
333.95 229.78
357.01 290.45
388.99 297.55
384.99 315.55
353.01 308.45
347.11 316.99
350.89 351.01
332.89 353.01
329.11 318.99
329.62 344.59
330.38 325.41
305.38 324.41
304.62 343.59
300.04 343.54
315.96 328.46
297.96 309.46
282.04 324.54
283.82 325.32
302.18 314.68
291.18 295.68
272.82 306.32
273.17 308.97
294.83 305.03
290.83 283.03
269.17 286.97
281.78 252.05
304.22 265.95
291.22 286.95
268.78 273.05
298.00 246.00
310.00 264.00
295.00 274.00
283.00 256.00
350.26 302.65
373.74 253.35
331.74 233.35
308.26 282.65
