332.54 233.59
333.46 212.41
310.46 211.41
309.54 232.59
341.26 245.35
356.74 236.65
347.74 220.65
332.26 229.35
360.00 266.00
386.00 266.00
386.00 256.00
360.00 256.00
365.27 261.52
366.73 280.48
353.73 281.48
352.27 262.52
365.15 256.42
376.85 269.58
367.85 277.58
356.15 264.42
342.54 251.69
347.46 260.31
333.46 268.31
328.54 259.69
338.70 256.57
339.30 271.43
314.30 272.43
313.70 257.57
318.40 272.20
325.60 257.80
305.60 247.80
298.40 262.20
288.83 259.94
311.17 254.06
306.17 235.06
283.83 240.94
309.68 218.09
320.32 231.91
307.32 241.91
296.68 228.09
