285.00 308.00
355.00 308.00
285.00 287.00
285.00 308.00
355.00 287.00
268.49 284.56
281.51 275.44
261.49 274.56
268.49 284.56
274.51 265.44
280.46 265.21
283.54 248.79
264.46 262.21
280.46 265.21
267.54 245.79
306.12 226.33
311.88 241.67
290.12 232.33
306.12 226.33
295.88 247.67
285.57 238.20
304.43 249.80
277.57 251.20
285.57 238.20
296.43 262.80
328.50 247.50
335.50 232.50
313.50 240.50
328.50 247.50
320.50 225.50
328.56 266.92
355.44 263.08
325.56 245.92
328.56 266.92
352.44 242.08
327.91 265.85
340.09 286.15
312.91 274.85
327.91 265.85
325.09 295.15
320.56 293.61
321.44 272.39
296.56 292.61
320.56 293.61
297.44 271.39
