298.22 319.71
345.78 206.29
267.22 306.71
298.22 319.71
314.78 193.29
286.69 296.25
323.31 207.75
257.69 284.25
286.69 296.25
294.31 195.75
272.93 284.51
295.07 201.49
242.93 276.51
272.93 284.51
265.07 193.49
349.00 230.00
355.00 248.00
334.00 235.00
349.00 230.00
340.00 253.00
375.85 256.04
378.15 231.96
354.85 254.04
375.85 256.04
357.15 229.96
375.36 257.31
400.64 268.69
366.36 277.31
375.36 257.31
391.64 288.69
374.36 277.08
381.64 290.92
355.36 287.08
374.36 277.08
362.64 300.92
360.21 308.10
363.79 283.90
333.21 304.10
360.21 308.10
336.79 279.90
328.80 292.60
343.20 285.40
318.80 272.60
328.80 292.60
333.20 265.40
