294.46 325.69
303.54 280.31
269.46 320.69
294.46 325.69
278.54 275.31
340.50 321.50
345.50 286.50
305.50 316.50
340.50 321.50
310.50 281.50
349.72 349.96
384.28 324.04
331.72 325.96
349.72 349.96
366.28 300.04
345.70 344.10
406.30 323.90
335.70 314.10
345.70 344.10
396.30 293.90
354.27 321.22
385.73 262.78
315.27 300.22
354.27 321.22
346.73 241.78
342.32 243.54
343.68 288.46
309.32 244.54
342.32 243.54
310.68 289.46
299.24 243.27
310.76 284.73
263.24 253.27
299.24 243.27
274.76 294.73
242.31 269.97
275.69 286.03
229.31 296.97
242.31 269.97
262.69 313.03
237.26 280.02
286.74 319.98
216.26 306.02
237.26 280.02
265.74 345.98
