316.00 287.00
388.00 287.00
316.00 270.00
316.00 287.00
388.00 270.00
337.43 269.18
342.57 256.82
313.43 259.18
337.43 269.18
318.57 246.82
363.11 251.54
364.89 266.46
338.11 254.54
363.11 251.54
339.89 269.46
368.02 245.92
375.98 260.08
352.02 254.92
368.02 245.92
359.98 269.08
368.40 224.80
399.60 235.20
361.40 245.80
368.40 224.80
392.60 256.20
362.73 233.98
389.27 220.02
352.73 214.98
362.73 233.98
379.27 201.02
354.68 218.00
357.32 196.00
329.68 215.00
354.68 218.00
332.32 193.00
333.41 195.66
338.59 214.34
315.41 200.66
333.41 195.66
320.59 219.34
310.40 210.95
327.60 215.05
305.40 231.95
310.40 210.95
322.60 236.05
308.24 262.42
327.76 251.58
298.24 244.42
308.24 262.42
317.76 233.58
