291.23 286.99
304.77 267.01
260.23 265.99
291.23 286.99
273.77 246.01
338.94 237.16
353.06 248.84
314.94 266.16
338.94 237.16
329.06 277.84
286.46 302.26
305.54 315.74
274.46 319.26
286.46 302.26
293.54 332.74
269.13 292.45
288.87 303.55
260.13 308.45
269.13 292.45
279.87 319.55
264.83 277.30
317.17 308.70
246.83 307.30
264.83 277.30
299.17 338.70
362.85 299.91
371.15 286.09
352.85 293.91
362.85 299.91
361.15 280.09
349.80 320.57
370.20 287.43
336.80 312.57
349.80 320.57
357.20 279.43
360.84 322.13
381.16 283.87
328.84 305.13
360.84 322.13
349.16 266.87
