346.43 293.90
371.57 270.10
328.43 274.90
346.43 293.90
353.57 251.10
367.28 310.67
378.72 297.33
360.28 304.67
367.28 310.67
371.72 291.33
363.94 315.12
372.06 308.88
353.94 302.12
363.94 315.12
362.06 295.88
387.41 296.76
400.59 285.24
380.41 288.76
387.41 296.76
393.59 277.24
383.39 300.51
390.61 291.49
373.39 292.51
383.39 300.51
380.61 283.49
381.75 305.36
400.25 278.64
368.75 296.36
381.75 305.36
387.25 269.64
360.90 321.59
379.10 296.41
342.90 308.59
360.90 321.59
361.10 283.41
356.95 324.77
403.05 281.23
339.95 306.77
356.95 324.77
386.05 263.23
