317.03 291.21
338.97 336.79
290.03 304.21
317.03 291.21
311.97 349.79
283.75 303.42
346.25 316.58
279.75 322.42
283.75 303.42
342.25 335.58
298.83 347.43
339.17 304.57
281.83 331.43
298.83 347.43
322.17 288.57
325.92 289.64
328.08 350.36
297.92 290.64
325.92 289.64
300.08 351.36
313.89 337.32
316.11 320.68
298.89 335.32
313.89 337.32
301.11 318.68
318.67 315.37
331.33 326.63
310.67 324.37
318.67 315.37
323.33 335.63
312.00 331.00
334.00 309.00
305.00 324.00
312.00 331.00
327.00 302.00
310.98 297.91
315.02 320.09
299.98 299.91
310.98 297.91
304.02 322.09
291.00 320.00
307.00 320.00
291.00 311.00
291.00 320.00
307.00 311.00
