218.10 270.59
231.90 283.41
218.90 297.41
205.10 284.59
205.75 276.07
226.25 287.93
215.25 306.93
194.75 295.07
243.25 239.79
260.75 260.21
239.75 278.21
222.25 257.79
253.73 242.62
264.27 257.38
250.27 267.38
239.73 252.62
272.18 279.81
281.82 276.19
275.82 260.19
266.18 263.81
276.97 295.22
291.03 290.78
285.03 271.78
270.97 276.22
266.00 289.00
278.00 301.00
266.00 313.00
254.00 301.00
240.00 326.00
240.00 304.00
259.00 304.00
259.00 326.00
243.50 302.35
246.50 319.65
223.50 323.65
220.50 306.35
203.00 320.00
203.00 306.00
226.00 306.00
226.00 320.00
