332.21 292.68
347.79 283.32
326.21 282.68
332.21 292.68
341.79 273.32
353.11 274.62
362.89 285.38
342.11 284.62
353.11 274.62
351.89 295.38
334.41 301.65
345.59 308.35
331.41 306.65
334.41 301.65
342.59 313.35
345.89 312.93
356.11 311.07
343.89 301.93
345.89 312.93
354.11 300.07
367.28 267.07
376.72 274.93
362.28 273.07
367.28 267.07
371.72 280.93
354.57 263.45
363.43 264.55
353.57 271.45
354.57 263.45
362.43 272.55
327.63 277.91
346.37 270.09
322.63 265.91
327.63 277.91
341.37 258.09
315.80 280.60
334.20 271.40
310.80 270.60
315.80 280.60
329.20 261.40
308.48 281.73
351.52 268.27
303.48 265.73
308.48 281.73
346.52 252.27
356.71 256.58
377.29 273.42
347.71 267.58
356.71 256.58
368.29 284.42
