294.30 233.90
299.70 250.10
276.30 239.90
294.30 233.90
281.70 256.10
315.38 255.14
318.62 234.86
290.38 251.14
315.38 255.14
293.62 230.86
320.82 272.19
343.18 263.81
311.82 248.19
320.82 272.19
334.18 239.81
349.22 293.55
358.78 266.45
332.22 287.55
349.22 293.55
341.78 260.45
348.00 279.00
368.00 289.00
341.00 293.00
348.00 279.00
361.00 303.00
335.00 308.00
352.00 308.00
335.00 290.00
335.00 308.00
335.00 308.00
319.60 281.90
324.40 292.10
302.60 289.90
319.60 281.90
307.40 300.10
305.04 304.12
308.96 287.88
276.04 297.12
305.04 304.12
279.96 280.88
272.73 295.80
285.27 286.20
259.73 278.80
272.73 295.80
272.27 269.20
269.20 246.40
284.80 251.60
262.20 267.40
269.20 246.40
277.80 272.60
