330.98 277.55
347.02 260.45
314.98 262.55
330.98 277.55
331.02 245.45
324.98 285.33
353.02 282.67
322.98 264.33
324.98 285.33
351.02 261.67
335.56 276.55
354.44 293.45
318.56 295.55
335.56 276.55
337.44 312.45
320.00 304.00
342.00 304.00
294.00 304.00
320.00 304.00
316.00 304.00
299.02 315.16
312.98 296.84
278.02 299.16
299.02 315.16
291.98 280.84
274.12 293.10
303.88 290.90
272.12 266.10
274.12 293.10
301.88 263.90
300.91 244.06
317.09 269.94
284.91 254.06
300.91 244.06
301.09 279.94
315.18 244.65
316.82 269.35
300.18 245.65
315.18 244.65
301.82 270.35
