297.79 170.22
356.21 207.78
338.21 235.78
279.79 198.22
277.93 202.27
340.07 235.73
326.07 261.73
263.93 228.27
262.13 232.18
329.87 269.82
314.87 296.82
247.13 259.18
263.36 247.62
320.64 292.38
295.64 324.38
238.36 279.62
265.35 255.82
278.65 262.18
267.65 285.18
254.35 278.82
274.06 236.56
285.94 241.44
278.94 258.44
267.06 253.56
289.36 211.75
304.64 222.25
293.64 238.25
278.36 227.75
317.60 228.20
322.40 213.80
307.40 208.80
302.60 223.20
316.41 239.17
351.59 228.83
346.59 211.83
311.41 222.17
318.00 230.00
338.00 240.00
329.00 258.00
309.00 248.00
312.54 250.69
325.46 259.31
317.46 271.31
304.54 262.69
296.36 271.29
305.64 284.71
292.64 293.71
283.36 280.29
283.00 284.00
297.00 298.00
285.00 310.00
271.00 296.00
