305.87 191.11
404.13 196.89
402.13 230.89
303.87 225.11
315.06 208.18
402.94 239.82
393.94 264.82
306.06 233.18
298.00 265.00
392.00 265.00
392.00 239.00
298.00 239.00
297.88 267.45
318.12 280.55
307.12 297.55
286.88 284.45
286.54 313.37
303.46 312.63
302.46 289.63
285.54 290.37
330.45 343.90
339.55 320.10
305.55 307.10
296.45 330.90
353.59 308.11
366.41 335.89
340.41 347.89
327.59 320.11
351.52 309.08
376.48 304.92
373.48 286.92
348.52 291.08
352.00 300.00
368.00 284.00
354.00 270.00
338.00 286.00
