304.87 263.15
365.13 258.85
302.87 235.15
304.87 263.15
363.13 230.85
314.47 246.08
369.53 247.92
313.47 276.08
314.47 246.08
368.53 277.92
336.25 304.54
355.75 303.46
335.25 286.54
336.25 304.54
354.75 285.46
331.31 318.10
356.69 315.90
329.31 295.10
331.31 318.10
354.69 292.90
337.02 336.16
362.98 331.84
332.02 306.16
337.02 336.16
357.98 301.84
313.23 285.59
334.77 288.41
310.23 308.59
313.23 285.59
331.77 311.41
308.54 326.34
333.46 323.66
305.54 298.34
308.54 326.34
330.46 295.66
312.32 309.24
331.68 312.76
308.32 331.24
312.32 309.24
327.68 334.76
