312.28 237.05
313.72 270.95
265.28 239.05
312.28 237.05
266.72 272.95
246.57 262.37
279.43 263.63
245.57 288.37
246.57 262.37
278.43 289.63
226.08 280.75
249.92 283.25
224.08 299.75
226.08 280.75
247.92 302.25
270.03 295.24
273.97 326.76
238.03 299.24
270.03 295.24
241.97 330.76
299.46 299.58
300.54 326.42
274.46 300.58
299.46 299.58
275.54 327.42
323.33 292.60
324.67 327.40
297.33 293.60
323.33 292.60
298.67 328.40
306.00 281.53
344.00 276.47
304.00 266.53
306.00 281.53
342.00 261.47
376.40 258.89
393.60 285.11
344.40 279.89
376.40 258.89
361.60 306.11
