325.20 316.60
342.80 281.40
307.20 307.60
325.20 316.60
324.80 272.40
373.92 276.38
378.08 309.62
349.92 279.38
373.92 276.38
354.08 312.62
365.40 340.80
374.60 313.20
347.40 334.80
365.40 340.80
356.60 307.20
304.50 260.50
321.50 243.50
294.50 250.50
304.50 260.50
311.50 233.50
299.40 270.20
308.60 251.80
289.40 265.20
299.40 270.20
298.60 246.80
293.20 303.41
296.80 290.59
268.20 296.41
293.20 303.41
271.80 283.59
264.00 319.00
288.00 319.00
264.00 303.00
264.00 319.00
264.00 319.00
292.49 325.70
295.51 280.30
262.49 323.70
292.49 325.70
265.51 278.30
293.16 291.39
330.84 242.61
271.16 274.39
293.16 291.39
308.84 225.61
