317.43 214.60
322.57 243.40
289.43 219.60
317.43 214.60
294.57 248.40
335.57 244.53
336.43 227.47
315.57 243.53
335.57 244.53
316.43 226.47
349.98 251.94
358.02 234.06
329.98 242.94
349.98 251.94
338.02 225.06
364.17 264.96
375.83 247.04
344.17 251.96
364.17 264.96
355.83 234.04
376.27 277.69
383.73 272.31
363.27 259.69
376.27 277.69
370.73 254.31
375.26 305.34
394.74 302.66
371.26 276.34
375.26 305.34
390.74 273.66
376.42 302.46
393.58 307.54
368.42 329.46
376.42 302.46
385.58 334.54
366.00 327.00
384.00 345.00
350.00 343.00
366.00 327.00
368.00 361.00
351.04 343.83
360.96 372.17
331.04 350.83
351.04 343.83
340.96 379.17
326.44 353.24
333.56 382.76
297.44 360.24
326.44 353.24
304.56 389.76
303.90 390.07
308.10 365.93
280.90 386.07
303.90 390.07
285.10 361.93
280.70 383.90
287.30 364.10
253.70 374.90
280.70 383.90
260.30 355.10
255.12 373.63
266.88 356.37
233.12 358.63
255.12 373.63
244.88 341.37
238.28 356.69
255.72 345.31
223.28 333.69
238.28 356.69
240.72 322.31
220.42 327.19
245.58 322.81
216.42 304.19
220.42 327.19
241.58 299.81
225.50 279.50
244.50 282.50
222.50 298.50
225.50 279.50
241.50 301.50
233.79 253.45
258.21 264.55
223.79 275.45
233.79 253.45
248.21 286.55
255.98 237.57
270.02 252.43
237.98 254.57
255.98 237.57
252.02 269.43
270.10 227.39
283.90 248.61
250.10 240.39
270.10 227.39
263.90 261.61
293.80 221.93
300.20 242.07
271.80 228.93
293.80 221.93
278.20 249.07
