285.24 266.91
304.76 271.09
279.24 294.91
285.24 266.91
298.76 299.09
320.44 277.84
331.56 296.16
292.44 294.84
320.44 277.84
303.56 313.16
273.00 330.00
301.00 330.00
273.00 319.00
273.00 330.00
301.00 319.00
275.72 302.99
284.28 325.01
257.72 309.99
275.72 302.99
266.28 332.01
241.07 311.24
260.93 332.76
228.07 323.24
241.07 311.24
247.93 344.76
274.23 341.06
289.77 344.94
269.23 361.06
274.23 341.06
284.77 364.94
292.00 345.00
310.00 351.00
285.00 366.00
292.00 345.00
303.00 372.00
273.42 339.09
308.58 346.91
267.42 366.09
273.42 339.09
302.58 373.91
