294.68 274.90
305.32 269.10
299.32 258.10
288.68 263.90
304.88 269.47
323.12 258.53
317.12 248.53
298.88 259.47
350.07 252.43
373.93 263.57
366.93 278.57
343.07 267.43
331.16 243.03
354.84 246.97
351.84 264.97
328.16 261.03
320.59 231.33
387.41 258.67
378.41 280.67
311.59 253.33
295.17 279.75
328.83 260.25
317.83 241.25
284.17 260.75
315.76 297.04
356.24 290.96
353.24 270.96
312.76 277.04
317.40 304.55
342.60 309.45
335.60 345.45
310.40 340.55
349.45 343.11
372.55 328.89
356.55 302.89
333.45 317.11
