326.52 302.40
331.48 229.60
282.52 299.40
326.52 302.40
287.48 226.60
354.05 303.98
357.95 228.02
315.05 301.98
354.05 303.98
318.95 226.02
384.75 295.53
391.25 234.47
337.75 290.53
384.75 295.53
344.25 229.47
414.40 309.01
417.60 228.99
364.40 307.01
414.40 309.01
367.60 226.99
295.65 317.22
328.35 282.78
275.65 298.22
295.65 317.22
308.35 263.78
315.32 222.21
330.68 247.79
295.32 234.21
315.32 222.21
310.68 259.79
345.18 252.76
346.82 237.24
326.18 250.76
345.18 252.76
327.82 235.24
364.57 236.52
365.43 255.48
342.57 237.52
364.57 236.52
343.43 256.48
384.94 235.93
387.06 248.07
361.94 239.93
384.94 235.93
364.06 252.07
389.00 251.00
409.00 251.00
389.00 237.00
389.00 251.00
389.00 251.00
345.74 268.85
350.26 285.15
327.74 273.85
345.74 268.85
332.26 290.15
360.42 266.63
363.58 281.37
346.42 269.63
360.42 266.63
349.58 284.37
379.56 265.36
380.44 278.64
364.56 266.36
379.56 265.36
365.44 279.64
391.23 258.58
396.77 277.42
374.23 263.58
391.23 258.58
379.77 282.42
409.04 256.34
412.96 269.66
392.04 261.34
409.04 256.34
395.96 274.66
