302.21 204.92
343.79 209.08
341.79 229.08
300.21 224.92
299.24 247.02
344.76 238.98
341.76 221.98
296.24 230.02
309.68 239.98
330.32 252.02
323.32 264.02
302.68 251.98
286.11 275.57
287.89 284.43
277.89 286.43
276.11 277.57
272.32 280.60
281.68 283.40
278.68 293.40
269.32 290.60
272.73 301.01
283.27 294.99
279.27 287.99
268.73 294.01
291.35 304.13
292.65 289.87
281.65 288.87
280.35 303.13
287.61 283.89
302.39 288.11
300.39 295.11
285.61 290.89
315.24 286.90
330.76 293.10
324.76 308.10
309.24 301.90
305.46 279.35
314.54 284.65
307.54 296.65
298.46 291.35
277.92 254.55
342.08 285.45
329.08 312.45
264.92 281.55
303.32 250.53
330.68 269.47
321.68 282.47
294.32 263.53
