368.39 312.52
369.61 255.48
322.61 254.48
321.39 311.52
388.26 254.91
391.74 307.09
361.74 309.09
358.26 256.91
306.36 288.03
325.64 271.97
315.64 259.97
296.36 276.03
312.05 274.64
313.95 301.36
299.95 302.36
298.05 275.64
284.09 263.27
305.91 256.73
302.91 246.73
281.09 253.27
283.00 252.00
283.00 242.00
291.00 242.00
291.00 252.00
267.00 246.00
283.00 250.00
280.00 262.00
264.00 258.00
282.99 267.88
289.01 260.12
280.01 253.12
273.99 260.88
292.49 289.70
293.51 274.30
263.51 272.30
262.49 287.70
294.62 284.37
295.38 307.63
264.38 308.63
263.62 285.37
295.54 309.54
300.46 266.46
265.46 262.46
260.54 305.54
288.81 278.47
309.19 243.53
285.19 229.53
264.81 264.47
299.91 285.50
320.09 248.50
298.09 236.50
277.91 273.50
