212.74 243.81
247.26 258.19
242.26 270.19
207.74 255.81
250.08 239.10
253.92 260.90
236.92 263.90
233.08 242.10
253.10 270.24
262.90 245.76
247.90 239.76
238.10 264.24
265.59 281.08
284.41 260.92
269.41 246.92
250.59 267.08
282.46 304.80
307.54 281.20
291.54 264.20
266.46 287.80
234.29 297.52
257.71 278.48
244.71 262.48
221.29 281.52
272.42 332.57
273.58 301.43
246.58 300.43
245.42 331.57
290.26 303.66
293.74 330.34
270.74 333.34
267.26 306.66
303.59 298.97
312.41 321.03
292.41 329.03
283.59 306.97
316.93 295.83
325.07 316.17
305.07 324.17
296.93 303.83
