362.47 352.97
403.53 273.03
325.47 333.97
362.47 352.97
366.53 254.03
334.54 333.76
373.46 260.24
300.54 315.76
334.54 333.76
339.46 242.24
320.31 316.53
335.69 237.47
284.31 309.53
320.31 316.53
299.69 230.47
292.87 299.90
327.13 226.10
264.87 286.90
292.87 299.90
299.13 213.10
263.82 285.30
300.18 224.70
238.82 270.30
263.82 285.30
275.18 209.70
270.80 236.60
275.20 223.40
249.80 229.60
270.80 236.60
254.20 216.40
279.87 247.42
288.13 234.58
265.87 238.42
279.87 247.42
274.13 225.58
304.51 256.14
309.49 237.86
282.51 250.14
304.51 256.14
287.49 231.86
317.57 264.53
326.43 241.47
304.57 259.53
317.57 264.53
313.43 236.47
339.57 266.67
344.43 255.33
318.57 257.67
339.57 266.67
323.43 246.33
339.22 280.87
372.78 261.13
329.22 263.87
339.22 280.87
362.78 244.13
254.79 267.15
267.21 246.85
236.79 256.15
254.79 267.15
249.21 235.85
269.59 281.91
282.41 262.09
252.59 270.91
269.59 281.91
265.41 251.09
285.30 290.12
294.70 273.88
266.30 279.12
285.30 290.12
275.70 262.88
301.94 299.68
310.06 284.32
284.94 290.68
301.94 299.68
293.06 275.32
311.20 310.60
320.80 291.40
299.20 304.60
311.20 310.60
308.80 285.40
330.13 294.20
333.87 327.80
312.13 296.20
330.13 294.20
315.87 329.80
