339.00 203.00
351.00 191.00
330.00 194.00
339.00 203.00
342.00 182.00
328.40 196.03
357.60 197.97
327.40 211.03
328.40 196.03
356.60 212.97
337.89 205.55
344.11 220.45
325.89 210.55
337.89 205.55
332.11 225.45
323.61 228.03
330.39 205.97
310.61 224.03
323.61 228.03
317.39 201.97
300.09 210.98
321.91 207.02
298.09 199.98
300.09 210.98
319.91 196.02
311.04 183.34
320.96 194.66
303.04 190.34
311.04 183.34
312.96 201.66
318.00 194.00
331.00 194.00
318.00 180.00
318.00 194.00
318.00 194.00
296.66 231.82
359.34 222.18
294.66 218.82
296.66 231.82
357.34 209.18
