290.83 338.39
317.17 313.61
301.17 296.61
274.83 321.39
341.80 299.86
368.20 328.14
353.20 342.14
326.80 313.86
291.21 268.58
304.79 269.42
302.79 301.42
289.21 300.58
291.46 247.44
314.54 252.56
308.54 279.56
285.46 274.44
343.00 296.00
359.00 296.00
359.00 278.00
343.00 278.00
341.56 281.86
352.44 280.14
349.44 261.14
338.56 262.86
340.12 263.84
351.88 262.16
348.88 241.16
337.12 242.84
304.88 204.78
325.12 211.22
318.12 233.22
297.88 226.78
349.56 199.90
352.44 230.10
331.44 232.10
328.56 201.90
296.66 227.52
363.34 224.48
362.34 202.48
295.66 205.52
293.00 263.00
359.00 263.00
359.00 229.00
293.00 229.00
290.00 295.00
362.00 295.00
362.00 265.00
290.00 265.00
