278.92 284.79
283.08 243.21
268.92 283.79
278.92 284.79
273.08 242.21
340.62 220.40
347.38 311.60
286.62 224.40
340.62 220.40
293.38 315.60
302.40 220.73
359.60 291.27
265.40 250.73
302.40 220.73
322.60 321.27
282.81 315.32
359.19 250.68
260.81 289.32
282.81 315.32
337.19 224.68
270.79 249.12
361.21 256.88
267.79 284.12
270.79 249.12
358.21 291.88
280.23 309.29
363.77 268.71
263.23 274.29
280.23 309.29
346.77 233.71
278.61 222.26
369.39 277.74
256.61 258.26
278.61 222.26
347.39 313.74
304.76 318.66
355.24 239.34
271.76 297.66
304.76 318.66
322.24 218.34
