308.64 302.67
327.36 165.33
242.64 293.67
308.64 302.67
261.36 156.33
215.77 183.30
362.23 226.70
199.77 237.30
215.77 183.30
346.23 280.70
315.36 232.40
352.64 203.60
298.36 210.40
315.36 232.40
335.64 181.60
311.85 226.69
344.15 271.31
282.85 247.69
311.85 226.69
315.15 292.31
300.59 201.72
363.41 220.28
287.59 245.72
300.59 201.72
350.41 264.28
253.47 287.50
278.53 250.50
222.47 266.50
253.47 287.50
247.53 229.50
263.60 172.20
282.40 209.80
235.60 186.20
263.60 172.20
254.40 223.80
224.31 191.63
267.69 206.37
207.31 241.63
224.31 191.63
250.69 256.37
294.37 297.21
299.63 248.79
248.37 292.21
294.37 297.21
253.63 243.79
313.26 210.69
316.74 179.31
268.26 205.69
313.26 210.69
271.74 174.31
