242.34 359.84
269.66 358.16
266.66 309.16
239.34 310.84
323.63 315.55
366.37 316.45
365.37 364.45
322.63 363.55
324.60 271.14
369.40 278.86
364.40 307.86
319.60 300.14
332.66 289.87
369.34 268.13
353.34 241.13
316.66 262.87
331.10 286.97
368.90 277.03
363.90 258.03
326.10 267.97
329.45 271.61
342.55 236.39
299.55 220.39
286.45 255.61
321.97 277.12
352.03 238.88
338.03 227.88
307.97 266.12
292.56 250.92
301.44 221.08
264.44 210.08
255.56 239.92
266.71 204.95
269.29 241.05
241.29 243.05
238.71 206.95
221.60 215.80
250.40 230.20
240.40 250.20
211.60 235.80
207.19 233.88
246.81 238.12
243.81 266.12
204.19 261.88
226.24 297.43
255.76 280.57
239.76 252.57
210.24 269.43
239.33 314.30
270.67 297.70
261.67 280.70
230.33 297.30
