292.57 234.82
323.43 231.18
290.57 217.82
292.57 234.82
321.43 214.18
299.41 207.24
322.59 228.76
286.41 221.24
299.41 207.24
309.59 242.76
254.50 285.11
347.50 282.89
253.50 243.11
254.50 285.11
346.50 240.89
278.50 208.50
355.50 285.50
245.50 241.50
278.50 208.50
322.50 318.50
278.06 323.01
349.94 230.99
246.06 298.01
278.06 323.01
317.94 205.99
280.00 311.00
318.00 311.00
280.00 213.00
280.00 311.00
280.00 311.00
293.40 201.80
342.60 300.20
259.40 218.80
293.40 201.80
308.60 317.20
250.33 309.20
361.67 256.80
234.33 275.20
250.33 309.20
345.67 222.80
