296.96 241.33
301.04 260.67
277.96 245.33
296.96 241.33
282.04 264.67
312.18 232.36
317.82 247.64
293.18 239.36
312.18 232.36
298.82 254.64
334.03 250.41
339.97 235.59
314.03 242.41
334.03 250.41
319.97 227.59
351.00 265.00
367.00 249.00
335.00 249.00
351.00 265.00
351.00 233.00
360.32 281.11
377.68 272.89
351.32 262.11
360.32 281.11
368.68 253.89
362.32 282.17
389.68 289.83
355.32 307.17
362.32 282.17
382.68 314.83
278.13 248.84
291.87 265.16
259.13 264.84
278.13 248.84
272.87 281.16
252.46 276.50
275.54 277.50
251.46 299.50
252.46 276.50
274.54 300.50
266.77 333.15
291.23 316.85
256.77 318.15
266.77 333.15
281.23 301.85
294.97 345.25
303.03 318.75
271.97 338.25
294.97 345.25
280.03 311.75
325.15 349.59
328.85 326.41
300.15 345.59
325.15 349.59
303.85 322.41
343.48 317.42
352.52 350.58
321.48 323.42
343.48 317.42
330.52 356.58
354.69 305.55
369.31 318.45
339.69 322.55
354.69 305.55
354.31 335.45
