267.51 212.68
274.49 231.32
250.49 240.32
243.51 221.68
292.68 242.38
299.32 221.62
274.32 213.62
267.68 234.38
233.81 270.87
256.19 267.13
252.19 243.13
229.81 246.87
273.10 288.41
278.90 269.59
252.90 261.59
247.10 280.41
290.77 253.98
301.23 270.02
278.23 285.02
267.77 268.98
322.76 332.06
373.24 247.94
343.24 229.94
292.76 314.06
365.80 240.56
368.20 331.44
330.20 332.44
327.80 241.56
358.00 330.00
358.00 240.00
388.00 240.00
388.00 330.00
380.00 329.00
380.00 243.00
408.00 243.00
408.00 329.00
