322.19 328.10
325.81 301.90
296.81 297.90
293.19 324.10
335.73 292.08
350.27 317.92
334.27 326.92
319.73 301.08
350.08 282.14
365.92 295.86
352.92 310.86
337.08 297.14
352.00 282.00
372.00 282.00
372.00 260.00
352.00 260.00
355.86 253.92
372.14 242.08
364.14 231.08
347.86 242.92
349.60 246.20
358.40 219.80
337.40 212.80
328.60 239.20
334.65 209.81
337.35 234.19
310.35 237.19
307.65 212.81
308.82 212.64
315.18 229.36
294.18 237.36
287.82 220.64
287.01 223.35
294.99 234.65
277.99 246.65
270.01 235.35
270.63 229.18
289.37 236.82
278.37 263.82
259.63 256.18
253.91 251.21
276.09 252.79
274.09 280.79
251.91 279.21
269.08 309.55
284.92 298.45
270.92 278.45
255.08 289.55
292.32 323.55
299.68 300.45
277.68 293.45
270.32 316.55
