285.93 304.00
304.07 242.00
244.93 292.00
285.93 304.00
263.07 230.00
284.00 307.00
304.00 251.00
256.00 297.00
284.00 307.00
276.00 241.00
317.52 312.00
336.48 248.00
290.52 304.00
317.52 312.00
309.48 240.00
355.48 253.52
356.52 226.48
329.48 252.52
355.48 253.52
330.52 225.48
364.55 269.08
383.45 248.92
348.55 254.08
364.55 269.08
367.45 233.92
367.43 273.91
382.57 268.09
362.43 260.91
367.43 273.91
377.57 255.09
368.54 272.31
395.46 277.69
365.54 287.31
368.54 272.31
392.46 292.69
368.52 283.07
393.48 296.93
358.52 301.07
368.52 283.07
383.48 314.93
361.93 299.17
372.07 322.83
347.93 305.17
361.93 299.17
358.07 328.83
346.46 331.58
347.54 304.42
321.46 330.58
346.46 331.58
322.54 303.42
