308.35 294.59
311.65 309.41
290.35 298.59
308.35 294.59
293.65 313.41
308.20 310.40
317.80 329.60
294.20 317.40
308.20 310.40
303.80 336.60
282.62 275.03
323.38 342.97
262.62 287.03
282.62 275.03
303.38 354.97
303.62 273.45
304.38 260.55
286.62 272.45
303.62 273.45
287.38 259.55
299.76 297.03
302.24 270.97
278.76 295.03
299.76 297.03
281.24 268.97
300.49 305.73
305.51 252.27
268.49 302.73
300.49 305.73
273.51 249.27
378.19 253.91
385.81 270.09
344.19 269.91
378.19 253.91
351.81 286.09
385.43 306.40
390.57 277.60
357.43 301.40
385.43 306.40
362.57 272.60
