297.40 258.80
304.60 237.20
285.40 254.80
297.40 258.80
292.60 233.20
252.15 267.75
281.85 264.25
250.15 250.75
252.15 267.75
279.85 247.25
250.34 256.91
279.66 263.09
246.34 275.91
250.34 256.91
275.66 282.09
245.46 290.69
274.54 289.31
244.46 269.69
245.46 290.69
273.54 268.31
253.19 280.24
282.81 291.76
246.19 298.24
253.19 280.24
275.81 309.76
318.72 287.26
325.28 318.74
270.72 297.26
318.72 287.26
277.28 328.74
325.30 278.14
348.70 299.86
312.30 292.14
325.30 278.14
335.70 313.86
319.48 266.85
358.52 269.15
318.48 283.85
319.48 266.85
357.52 286.15
291.00 334.00
316.00 334.00
291.00 316.00
291.00 334.00
291.00 334.00
344.44 316.65
345.56 343.35
320.44 317.65
344.44 316.65
321.56 344.35
