223.37 227.76
268.63 312.24
195.37 242.76
223.37 227.76
240.63 327.24
248.86 217.73
305.14 280.27
208.86 253.73
248.86 217.73
265.14 316.27
276.37 208.56
321.63 277.44
241.37 231.56
276.37 208.56
286.63 300.44
182.47 274.84
189.53 285.16
163.47 287.84
182.47 274.84
170.53 298.16
193.56 264.90
202.44 279.10
177.56 274.90
193.56 264.90
186.44 289.10
190.52 321.48
193.48 304.52
167.52 317.48
190.52 321.48
170.48 300.52
202.42 292.86
213.58 311.14
184.42 303.86
202.42 292.86
195.58 322.14
205.09 281.96
220.91 288.04
200.09 294.96
205.09 281.96
215.91 301.04
