301.30 246.61
320.70 221.39
288.30 236.61
301.30 246.61
307.70 211.39
277.00 244.00
304.00 244.00
277.00 208.00
277.00 244.00
277.00 244.00
272.08 210.40
293.92 233.60
255.08 226.40
272.08 210.40
276.92 249.60
302.94 258.51
327.06 255.49
300.94 242.51
302.94 258.51
325.06 239.49
307.50 253.50
318.50 264.50
296.50 264.50
307.50 253.50
307.50 275.50
300.24 253.32
301.76 280.68
282.24 254.32
300.24 253.32
283.76 281.68
282.95 284.69
285.05 257.31
269.95 283.69
282.95 284.69
272.05 256.31
252.10 267.48
253.90 240.52
237.10 266.48
252.10 267.48
238.90 239.52
248.92 279.61
259.08 264.39
239.92 273.61
248.92 279.61
250.08 258.39
