285.37 119.42
290.63 142.58
268.63 147.58
263.37 124.42
311.56 139.53
312.44 118.47
288.44 117.47
287.56 138.53
328.29 138.82
331.71 125.18
315.71 121.18
312.29 134.82
341.63 151.85
356.37 134.15
344.37 124.15
329.63 141.85
357.50 166.50
376.50 147.50
363.50 134.50
344.50 153.50
364.47 184.88
387.53 179.12
381.53 155.12
358.47 160.88
366.42 181.01
391.58 184.99
388.58 203.99
363.42 200.01
365.58 202.06
384.42 215.94
370.42 234.94
351.58 221.06
351.02 222.87
364.98 241.13
347.98 254.13
334.02 235.87
335.15 235.73
340.85 256.27
322.85 261.27
317.15 240.73
312.71 237.83
319.29 264.17
303.29 268.17
296.71 241.83
296.35 265.46
297.65 244.54
281.65 243.54
280.35 264.46
274.44 269.53
281.56 242.47
262.56 237.47
255.44 264.53
247.09 264.85
264.91 235.15
249.91 226.15
232.09 255.85
231.00 245.00
243.00 233.00
231.00 221.00
219.00 233.00
215.26 229.05
236.74 218.95
228.74 201.95
207.26 212.05
206.28 184.41
229.72 185.59
228.72 205.59
205.28 204.41
218.50 160.50
237.50 167.50
230.50 186.50
211.50 179.50
237.61 138.74
258.39 161.26
245.39 173.26
224.61 150.74
259.40 127.80
272.60 154.20
258.60 161.20
245.40 134.80
