335.41 339.38
338.59 308.62
309.59 305.62
306.41 336.38
297.44 307.72
308.56 342.28
280.56 351.28
269.44 316.72
269.27 355.44
270.73 314.56
242.73 313.56
241.27 354.44
235.40 348.78
244.60 317.22
220.60 310.22
211.40 341.78
197.23 325.99
230.77 324.01
229.77 307.01
196.23 308.99
208.68 276.41
241.32 293.59
231.32 312.59
198.68 295.41
219.44 247.49
260.56 272.51
246.56 295.51
205.44 270.49
258.58 231.07
275.42 246.93
259.42 263.93
242.58 248.07
296.29 207.04
309.71 236.96
280.71 249.96
267.29 220.04
243.79 246.76
256.21 261.24
249.21 267.24
236.79 252.76
321.15 250.64
338.85 209.36
310.85 197.36
293.15 238.64
207.68 336.75
232.32 325.25
225.32 310.25
200.68 321.75
