253.36 202.68
272.64 227.32
230.36 220.68
253.36 202.68
249.64 245.32
281.10 198.59
288.90 219.41
257.10 207.59
281.10 198.59
264.90 228.41
304.36 189.60
305.64 216.40
283.36 190.60
304.36 189.60
284.64 217.40
326.38 218.68
333.62 193.32
298.38 210.68
326.38 218.68
305.62 185.32
348.49 222.02
355.51 201.98
328.49 215.02
348.49 222.02
335.51 194.98
355.72 236.47
380.28 227.53
347.72 214.47
355.72 236.47
372.28 205.53
369.20 253.06
386.80 246.94
361.20 230.06
369.20 253.06
378.80 223.94
373.42 236.65
392.58 237.35
372.42 263.65
373.42 236.65
391.58 264.35
374.68 257.13
397.32 268.87
360.68 284.13
374.68 257.13
383.32 295.87
362.54 280.83
385.46 299.17
346.54 300.83
362.54 280.83
369.46 319.17
349.22 295.58
364.78 328.42
330.22 304.58
349.22 295.58
345.78 337.42
334.55 309.88
337.45 332.12
311.55 312.88
334.55 309.88
314.45 335.12
313.48 314.57
314.52 337.43
291.48 315.57
313.48 314.57
292.52 338.43
285.50 343.61
294.50 318.39
257.50 333.61
285.50 343.61
266.50 308.39
253.69 329.55
270.31 314.45
233.69 307.55
253.69 329.55
250.31 292.45
232.52 315.45
259.48 302.55
221.52 292.45
232.52 315.45
248.48 279.55
219.40 256.52
244.60 257.48
218.40 282.52
219.40 256.52
243.60 283.48
232.03 228.87
257.97 243.13
221.03 248.87
232.03 228.87
246.97 263.13
