322.39 307.32
331.61 250.68
288.61 243.68
279.39 300.32
370.52 314.44
377.48 261.56
339.48 256.56
332.52 309.44
372.69 226.30
399.31 233.70
394.31 251.70
367.69 244.30
372.80 225.40
381.20 208.60
363.20 199.60
354.80 216.40
362.11 221.43
363.89 196.57
349.89 195.57
348.11 220.43
354.47 190.50
355.53 221.50
326.53 222.50
325.47 191.50
330.56 198.41
333.44 217.59
313.44 220.59
310.56 201.41
303.36 196.29
322.64 219.71
305.64 233.71
286.36 210.29
283.97 243.55
306.03 238.45
303.03 225.45
280.97 230.55
