331.56 232.42
334.44 253.58
312.44 256.58
309.56 235.42
348.00 268.00
360.00 244.00
336.00 232.00
324.00 256.00
358.02 274.56
371.98 259.44
358.98 247.44
345.02 262.56
359.06 299.69
376.94 298.31
374.94 272.31
357.06 273.69
362.77 293.85
381.23 306.15
367.23 327.15
348.77 314.85
347.25 313.18
360.75 338.82
341.75 348.82
328.25 323.18
333.07 325.30
334.93 346.70
311.93 348.70
310.07 327.30
306.31 356.87
315.69 323.13
297.69 318.13
288.31 351.87
288.13 347.86
301.87 324.14
282.87 313.14
269.13 336.86
269.28 330.04
282.72 319.96
270.72 303.96
257.28 314.04
253.76 304.68
272.24 301.32
268.24 279.32
249.76 282.68
262.73 254.12
281.27 263.88
271.27 282.88
252.73 273.12
277.76 243.81
288.24 252.19
276.24 267.19
265.76 258.81
288.28 234.04
301.72 251.96
289.72 260.96
276.28 243.04
311.62 230.34
314.38 249.66
293.38 252.66
290.62 233.34
