336.55 271.14
407.45 268.86
406.45 237.86
335.55 240.14
343.18 256.09
396.82 281.91
383.82 308.91
330.18 283.09
323.96 307.95
326.04 284.05
303.04 282.05
300.96 305.95
302.71 306.34
305.29 285.66
289.29 283.66
286.71 304.34
270.33 288.08
287.67 279.92
279.67 262.92
262.33 271.08
265.16 233.87
296.84 242.13
290.84 265.13
259.16 256.87
280.55 226.49
299.45 237.51
292.45 249.51
273.55 238.49
301.25 214.04
312.75 229.96
294.75 242.96
283.25 227.04
309.60 211.04
322.40 230.96
308.40 239.96
295.60 220.04
341.71 237.40
348.29 218.60
328.29 211.60
321.71 230.40
