220.85 323.57
251.15 310.43
238.15 280.43
207.85 293.57
247.80 343.60
268.20 316.40
244.20 298.40
223.80 325.60
272.45 354.30
285.55 313.70
254.55 303.70
241.45 344.30
304.50 360.99
313.50 315.01
267.50 306.01
258.50 351.99
295.00 358.00
295.00 314.00
331.00 314.00
331.00 358.00
346.68 309.09
361.32 346.91
330.32 358.91
315.68 321.09
376.13 301.40
389.87 334.60
360.87 346.60
347.13 313.40
402.78 296.97
417.22 315.03
397.22 331.03
382.78 312.97
387.39 306.46
396.61 327.54
380.61 334.54
371.39 313.46
412.75 281.03
433.25 296.97
419.25 314.97
398.75 299.03
407.44 266.63
444.56 275.37
440.56 292.37
403.44 283.63
413.82 271.82
440.18 266.18
437.18 252.18
410.82 257.82
