249.85 308.91
270.15 275.09
234.85 299.91
249.85 308.91
255.15 266.09
272.13 326.86
287.87 293.14
257.13 319.86
272.13 326.86
272.87 286.14
300.96 273.52
321.04 292.48
283.96 291.52
300.96 273.52
304.04 310.48
315.10 339.23
322.90 318.77
294.10 331.23
315.10 339.23
301.90 310.77
275.77 314.85
294.23 327.15
267.77 326.85
275.77 314.85
286.23 339.15
260.13 332.39
283.87 361.61
244.13 345.39
260.13 332.39
267.87 374.61
272.66 347.25
287.34 356.75
261.66 364.25
272.66 347.25
276.34 373.75
262.88 337.47
267.12 344.53
247.88 346.47
262.88 337.47
252.12 353.53
