304.00 296.00
326.00 274.00
295.00 287.00
304.00 296.00
317.00 265.00
293.50 282.50
310.50 265.50
281.50 270.50
293.50 282.50
298.50 253.50
340.53 244.40
355.47 251.60
326.53 273.40
340.53 244.40
341.47 280.60
308.54 284.47
325.46 307.53
293.54 295.47
308.54 284.47
310.46 318.53
279.73 302.52
306.27 333.48
265.73 314.52
279.73 302.52
292.27 345.48
356.87 348.52
387.13 313.48
334.87 329.52
356.87 348.52
365.13 294.48
367.95 327.40
386.05 310.60
354.95 313.40
367.95 327.40
373.05 296.60
356.01 341.55
373.99 322.45
339.01 325.55
356.01 341.55
356.99 306.45
