318.92 239.62
335.08 250.38
323.08 268.38
306.92 257.62
304.80 234.40
323.20 243.60
315.20 259.60
296.80 250.40
270.85 242.34
289.15 245.66
287.15 256.66
268.85 253.34
275.40 254.80
282.60 233.20
276.60 231.20
269.40 252.80
274.34 247.22
275.66 232.78
264.66 231.78
263.34 246.22
258.50 241.50
267.50 242.50
266.50 251.50
257.50 250.50
263.69 264.54
272.31 249.46
265.31 245.46
256.69 260.54
255.96 259.68
288.04 246.32
283.04 234.32
250.96 247.68
298.97 229.55
339.03 252.45
327.03 273.45
286.97 250.55
268.32 289.99
297.68 276.01
287.68 255.01
258.32 268.99
299.27 257.28
320.73 274.72
307.73 290.72
286.27 273.28
272.60 279.80
313.40 300.20
305.40 316.20
264.60 295.80
268.33 306.03
283.67 319.97
263.67 341.97
248.33 328.03
267.34 326.41
296.66 331.59
293.66 348.59
264.34 343.41
