264.95 226.75
291.05 229.25
259.95 278.75
264.95 226.75
286.05 281.25
314.80 271.60
333.20 262.40
307.80 257.60
314.80 271.60
326.20 248.40
311.83 263.55
348.17 274.45
305.83 283.55
311.83 263.55
342.17 294.45
309.55 283.34
334.45 290.66
304.55 300.34
309.55 283.34
329.45 307.66
303.94 324.41
332.06 321.59
301.94 304.41
303.94 324.41
330.06 301.59
281.41 325.25
304.59 310.75
261.41 293.25
281.41 325.25
284.59 278.75
308.76 314.89
319.24 341.11
293.76 320.89
308.76 314.89
304.24 347.11
269.79 352.23
286.21 323.77
243.79 337.23
269.79 352.23
260.21 308.77
