347.07 250.16
358.93 257.84
336.07 267.16
347.07 250.16
347.93 274.84
336.13 256.06
351.87 269.94
321.13 273.06
336.13 256.06
336.87 286.94
325.07 265.29
336.93 284.71
307.07 276.29
325.07 265.29
318.93 295.71
306.81 284.17
323.19 303.83
294.81 294.17
306.81 284.17
311.19 313.83
294.97 295.62
305.03 312.38
279.97 304.62
294.97 295.62
290.03 321.38
344.42 253.79
369.58 252.21
343.42 237.79
344.42 253.79
368.58 236.21
355.50 244.50
364.50 231.50
342.50 235.50
355.50 244.50
351.50 222.50
345.50 218.50
346.50 233.50
330.50 219.50
345.50 218.50
331.50 234.50
323.35 206.30
330.65 233.70
308.35 210.30
323.35 206.30
315.65 237.70
302.60 226.05
315.40 237.95
289.60 240.05
302.60 226.05
302.40 251.95
296.48 232.98
309.52 245.02
284.48 245.98
296.48 232.98
297.52 258.02
280.62 255.01
293.38 262.99
270.62 271.01
280.62 255.01
283.38 278.99
271.59 271.93
280.41 280.07
259.59 284.93
271.59 271.93
268.41 293.07
265.45 280.05
276.55 291.95
250.45 294.05
265.45 280.05
261.55 305.95
260.96 273.78
317.04 322.22
241.96 295.78
260.96 273.78
298.04 344.22
279.00 251.00
317.00 289.00
260.00 270.00
279.00 251.00
298.00 308.00
301.47 226.26
352.53 267.74
288.47 242.26
301.47 226.26
339.53 283.74
288.11 237.86
339.89 278.14
274.11 255.86
288.11 237.86
325.89 296.14
