261.48 313.38
346.52 218.62
222.48 278.38
261.48 313.38
307.52 183.62
256.50 180.50
355.50 279.50
213.50 223.50
256.50 180.50
312.50 322.50
298.06 187.80
301.94 220.20
273.06 190.80
298.06 187.80
276.94 223.20
321.55 236.02
364.45 237.98
320.55 258.02
321.55 236.02
363.45 259.98
276.00 321.00
306.00 321.00
276.00 275.00
276.00 321.00
276.00 321.00
208.92 273.86
261.08 270.14
206.92 245.86
208.92 273.86
259.08 242.14
261.47 184.07
294.53 217.93
218.47 226.07
261.47 184.07
251.53 259.93
325.85 251.72
350.15 204.28
284.85 230.72
325.85 251.72
309.15 183.28
318.51 241.62
359.49 276.38
290.51 274.62
318.51 241.62
331.49 309.38
264.10 315.34
287.90 278.66
227.10 291.34
264.10 315.34
250.90 254.66
