333.00 274.00
333.00 250.00
347.00 250.00
347.00 274.00
342.39 261.37
353.61 288.63
336.61 295.63
325.39 268.37
343.89 234.20
360.11 289.80
336.11 296.80
319.89 241.20
307.26 254.96
326.74 241.04
316.74 227.04
297.26 240.96
299.97 251.22
314.03 220.78
301.03 214.78
286.97 245.22
295.39 215.02
300.61 244.98
277.61 248.98
272.39 219.02
267.47 220.12
290.53 239.88
272.53 260.88
249.47 241.12
250.03 261.33
273.97 258.67
271.97 240.67
248.03 243.33
260.84 292.29
285.16 269.71
272.16 255.71
247.84 278.29
283.78 293.77
288.22 264.23
268.22 261.23
263.78 290.77
304.10 262.70
307.90 289.30
286.90 292.30
283.10 265.70
311.32 250.60
326.68 255.40
321.68 271.40
306.32 266.60
