346.16 299.46
369.84 314.54
339.16 310.46
346.16 299.46
362.84 325.54
346.49 293.59
355.51 304.41
334.49 303.59
346.49 293.59
343.51 314.41
334.77 287.98
373.23 312.02
324.77 303.98
334.77 287.98
363.23 328.02
344.03 269.67
357.97 254.33
333.03 259.67
344.03 269.67
346.97 244.33
336.30 271.10
341.70 254.90
327.30 268.10
336.30 271.10
332.70 251.90
338.00 275.00
360.00 253.00
323.00 260.00
338.00 275.00
345.00 238.00
349.15 282.58
360.85 269.42
340.15 274.58
349.15 282.58
351.85 261.42
357.68 280.76
366.32 287.24
351.68 288.76
357.68 280.76
360.32 295.24
367.64 260.61
376.36 267.39
360.64 269.61
367.64 260.61
369.36 276.39
375.76 299.66
384.24 286.34
364.76 292.66
375.76 299.66
373.24 279.34
