342.94 278.83
359.06 321.17
338.06 329.17
321.94 286.83
312.76 297.69
319.24 282.31
300.24 274.31
293.76 289.69
297.09 290.38
304.91 273.62
289.91 266.62
282.09 283.38
279.42 283.14
290.58 264.86
272.58 253.86
261.42 272.14
261.93 267.45
272.07 254.55
258.07 243.55
247.93 256.45
242.02 251.52
253.98 238.48
241.98 227.48
230.02 240.52
265.15 237.92
268.85 226.08
252.85 221.08
249.15 232.92
283.38 243.73
286.62 224.27
268.62 221.27
265.38 240.73
304.61 229.52
305.39 246.48
283.39 247.48
282.61 230.52
322.61 256.84
327.39 241.16
304.39 234.16
299.61 249.84
341.44 259.43
342.56 242.57
327.56 241.57
326.44 258.43
338.49 273.43
367.51 254.57
354.51 234.57
325.49 253.43
325.80 308.60
350.20 235.40
317.20 224.40
292.80 297.60
299.97 297.87
320.03 220.13
289.03 212.13
268.97 289.87
279.87 292.85
294.13 219.15
263.13 213.15
248.87 286.85
262.79 283.70
283.21 216.30
250.21 206.30
229.79 273.70
