298.51 286.63
325.49 333.37
272.51 301.63
298.51 286.63
299.49 348.37
283.79 340.44
328.21 311.56
270.79 320.44
283.79 340.44
315.21 291.56
278.15 297.09
327.85 312.91
271.15 319.09
278.15 297.09
320.85 334.91
301.24 344.79
314.76 295.21
279.24 338.79
301.24 344.79
292.76 289.21
305.16 340.73
306.84 317.27
291.16 339.73
305.16 340.73
292.84 316.27
303.60 316.80
320.40 325.20
299.60 324.80
303.60 316.80
316.40 333.20
301.50 322.50
322.50 315.50
298.50 313.50
301.50 322.50
319.50 306.50
309.26 317.56
310.74 298.44
296.26 316.56
309.26 317.56
297.74 297.44
291.50 298.50
304.50 311.50
282.50 307.50
291.50 298.50
295.50 320.50
281.00 323.00
295.00 323.00
281.00 313.00
281.00 323.00
295.00 313.00
292.10 335.70
297.90 318.30
286.10 333.70
292.10 335.70
291.90 316.30
