359.41 270.58
368.59 281.42
346.41 281.58
359.41 270.58
355.59 292.42
353.97 276.41
360.03 291.59
343.97 280.41
353.97 276.41
350.03 295.59
356.23 268.67
359.77 253.33
343.23 265.67
356.23 268.67
346.77 250.33
333.40 267.05
350.60 262.95
328.40 246.05
333.40 267.05
345.60 241.95
327.90 250.56
336.10 237.44
311.90 240.56
327.90 250.56
320.10 227.44
305.82 226.45
314.18 245.55
289.82 233.45
305.82 226.45
298.18 252.55
288.43 234.09
307.57 247.91
275.43 252.09
288.43 234.09
294.57 265.91
272.67 280.54
295.33 273.46
267.67 264.54
272.67 280.54
290.33 257.46
307.12 301.68
314.88 280.32
285.12 293.68
307.12 301.68
292.88 272.32
323.33 277.53
326.67 296.47
306.33 280.53
323.33 277.53
309.67 299.47
331.67 270.39
340.33 277.61
321.67 282.39
331.67 270.39
330.33 289.61
