291.13 268.76
308.87 249.24
280.13 258.76
291.13 268.76
297.87 239.24
285.18 242.48
286.82 255.52
269.18 244.48
285.18 242.48
270.82 257.52
265.84 242.29
276.16 255.71
252.84 252.29
265.84 242.29
263.16 265.71
244.19 290.11
267.81 283.89
239.19 271.11
244.19 290.11
262.81 264.89
263.87 303.70
274.13 284.30
246.87 294.70
263.87 303.70
257.13 275.30
262.00 307.00
288.00 307.00
262.00 281.00
262.00 307.00
262.00 307.00
289.75 274.41
304.25 297.59
273.75 284.41
289.75 274.41
288.25 307.59
297.50 262.61
318.50 281.39
280.50 281.61
297.50 262.61
301.50 300.39
