271.47 279.12
276.53 258.88
240.53 249.88
235.47 270.12
264.50 271.73
277.50 296.27
243.50 314.27
230.50 289.73
291.46 291.24
296.54 260.76
284.54 258.76
279.46 289.24
309.00 250.64
321.00 271.36
302.00 282.36
290.00 261.64
295.50 310.50
316.50 289.50
308.50 281.50
287.50 302.50
330.16 319.79
343.84 302.21
334.84 295.21
321.16 312.79
318.00 330.00
318.00 320.00
330.00 320.00
330.00 330.00
326.39 311.62
341.61 318.38
337.61 327.38
322.39 320.62
305.07 325.72
332.93 292.28
320.93 282.28
293.07 315.72
318.51 335.59
341.49 302.41
328.49 293.41
305.51 326.59
343.85 246.77
346.15 265.23
330.15 267.23
327.85 248.77
335.54 235.51
342.46 248.49
327.46 256.49
320.54 243.51
342.43 230.93
355.57 259.07
325.57 273.07
312.43 244.93
