295.63 206.02
308.37 177.98
297.37 172.98
284.63 201.02
285.24 194.66
286.76 173.34
272.76 172.34
271.24 193.66
264.37 174.94
275.63 187.06
261.63 200.06
250.37 187.94
245.08 192.38
258.92 201.62
252.92 210.62
239.08 201.38
241.90 232.88
264.10 215.12
256.10 205.12
233.90 222.88
262.76 236.60
273.24 217.40
262.24 211.40
251.76 230.60
282.46 213.76
285.54 232.24
273.54 234.24
270.46 215.76
292.90 203.67
305.10 226.33
292.10 233.33
279.90 210.67
289.64 199.12
314.36 200.88
313.36 214.88
288.64 213.12
245.12 229.90
328.88 236.10
326.88 263.10
243.12 256.90
249.52 270.21
334.48 233.79
325.48 212.79
240.52 249.21
