322.75 291.22
347.25 318.78
304.75 307.22
322.75 291.22
329.25 334.78
318.07 307.17
321.93 336.83
295.07 310.17
318.07 307.17
298.93 339.83
281.87 340.46
302.13 307.54
268.87 332.46
281.87 340.46
289.13 299.54
259.10 316.68
290.90 305.32
254.10 302.68
259.10 316.68
285.90 291.32
266.33 265.73
295.67 284.27
254.33 284.73
266.33 265.73
283.67 303.27
296.16 252.14
307.84 279.86
277.16 260.14
296.16 252.14
288.84 287.86
318.17 283.24
325.83 258.76
302.17 278.24
318.17 283.24
309.83 253.76
321.46 300.92
348.54 289.08
314.46 284.92
321.46 300.92
341.54 273.08
