316.80 227.40
319.20 198.60
280.80 224.40
316.80 227.40
283.20 195.60
331.03 247.49
352.97 226.51
309.03 224.49
331.03 247.49
330.97 203.51
312.78 238.55
369.22 243.45
310.78 261.55
312.78 238.55
367.22 266.45
324.36 247.06
357.64 278.94
301.36 271.06
324.36 247.06
334.64 302.94
308.91 272.82
313.09 305.18
277.91 276.82
308.91 272.82
282.09 309.18
276.15 306.23
285.85 275.77
254.15 299.23
276.15 306.23
263.85 268.77
245.09 295.12
272.91 274.88
229.09 273.12
245.09 295.12
256.91 252.88
228.99 233.29
269.01 242.71
224.99 250.29
228.99 233.29
265.01 259.71
257.38 209.51
276.62 226.49
242.38 226.51
257.38 209.51
261.62 243.49
276.11 195.21
291.89 224.79
261.11 203.21
276.11 195.21
276.89 232.79
324.44 250.87
357.56 241.13
319.44 233.87
324.44 250.87
352.56 224.13
319.17 236.48
330.83 199.52
300.17 230.48
319.17 236.48
311.83 193.52
