179.83 327.94
202.17 322.06
174.83 308.94
179.83 327.94
197.17 303.06
189.92 358.58
212.08 343.42
176.92 339.58
189.92 358.58
199.08 324.42
209.44 375.45
224.56 358.55
190.44 358.45
209.44 375.45
205.56 341.55
241.32 389.37
250.68 368.63
210.32 375.37
241.32 389.37
219.68 354.63
269.50 395.46
270.50 370.54
244.50 394.46
269.50 395.46
245.50 369.54
289.90 359.29
300.10 380.71
268.90 369.29
289.90 359.29
279.10 390.71
311.47 348.09
322.53 373.91
290.47 357.09
311.47 348.09
301.53 382.91
321.79 334.84
340.21 349.16
307.79 352.84
321.79 334.84
326.21 367.16
338.84 318.77
357.16 329.23
326.84 339.77
338.84 318.77
345.16 350.23
344.89 320.68
361.11 319.32
342.89 296.68
344.89 320.68
359.11 295.32
347.39 295.05
366.61 286.95
339.39 276.05
347.39 295.05
358.61 267.95
342.80 283.71
363.20 276.29
334.80 261.71
342.80 283.71
355.20 254.29
337.00 276.00
353.00 260.00
317.00 256.00
337.00 276.00
333.00 240.00
328.90 254.30
335.10 235.70
304.90 246.30
328.90 254.30
311.10 227.70
309.40 252.57
314.60 223.43
281.40 247.57
309.40 252.57
286.60 218.43
289.56 217.55
292.44 244.45
261.56 220.55
289.56 217.55
264.44 247.45
265.76 223.09
272.24 240.91
243.76 231.09
265.76 223.09
250.24 248.91
248.05 224.02
255.95 245.98
223.05 233.02
248.05 224.02
230.95 254.98
230.50 231.12
241.50 248.88
209.50 244.12
230.50 231.12
220.50 261.88
211.50 242.22
226.50 251.78
197.50 264.22
211.50 242.22
212.50 273.78
189.17 257.42
214.83 268.58
179.17 280.42
189.17 257.42
204.83 291.58
180.00 306.00
198.00 306.00
180.00 288.00
180.00 306.00
198.00 288.00
