323.38 228.09
332.62 247.91
317.62 254.91
308.38 235.09
340.76 216.20
353.24 231.80
338.24 243.80
325.76 228.20
358.01 199.61
369.99 212.39
353.99 227.39
342.01 214.61
354.00 199.00
382.00 199.00
382.00 169.00
354.00 169.00
358.04 170.72
375.96 157.28
363.96 141.28
346.04 154.72
347.31 152.31
358.69 135.69
339.69 122.69
328.31 139.31
332.94 137.13
335.06 114.87
314.06 112.87
311.94 135.13
315.25 109.04
318.75 130.96
293.75 134.96
290.25 113.04
298.19 104.66
305.81 131.34
277.81 139.34
270.19 112.66
277.53 112.45
284.47 131.55
262.47 139.55
255.53 120.45
258.26 116.46
271.74 135.54
254.74 147.54
241.26 128.46
240.45 127.91
255.55 144.09
240.55 158.09
225.45 141.91
218.56 147.74
239.44 160.26
233.44 170.26
212.56 157.74
206.00 166.00
224.00 170.00
220.00 188.00
202.00 184.00
202.30 213.18
227.70 206.82
222.70 186.82
197.30 193.18
223.54 242.00
240.46 222.00
227.46 211.00
210.54 231.00
255.35 254.04
262.65 233.96
240.65 225.96
233.35 246.04
285.76 255.46
288.24 240.54
264.24 236.54
261.76 251.46
308.45 231.29
313.55 254.71
290.55 259.71
285.45 236.29
