294.15 229.53
329.85 244.47
276.15 272.53
294.15 229.53
311.85 287.47
265.95 314.12
288.05 315.88
263.95 339.12
265.95 314.12
286.05 340.88
314.19 336.92
331.81 329.08
310.19 327.92
314.19 336.92
327.81 320.08
316.65 324.59
331.35 333.41
310.65 334.59
316.65 324.59
325.35 343.41
314.54 347.01
319.46 330.99
301.54 343.01
314.54 347.01
306.46 326.99
270.45 320.24
327.55 317.76
269.45 297.24
270.45 320.24
326.55 294.76
258.76 345.10
345.24 326.90
254.76 326.10
258.76 345.10
341.24 307.90
286.10 301.12
313.90 290.88
279.10 282.12
286.10 301.12
306.90 271.88
