230.06 279.31
265.94 284.69
227.06 299.31
230.06 279.31
262.94 304.69
260.83 257.68
271.17 270.32
249.83 266.68
260.83 257.68
260.17 279.32
271.55 242.74
284.45 257.26
262.55 250.74
271.55 242.74
275.45 265.26
319.66 263.91
340.34 252.09
315.66 256.91
319.66 263.91
336.34 245.09
318.00 284.00
346.00 284.00
318.00 265.00
318.00 284.00
346.00 265.00
320.00 303.00
350.00 303.00
320.00 284.00
320.00 303.00
350.00 284.00
324.81 289.55
349.19 310.45
312.81 303.55
324.81 289.55
337.19 324.45
326.18 289.11
335.82 330.89
300.18 295.11
326.18 289.11
309.82 336.89
300.92 340.56
307.08 297.44
272.92 336.56
300.92 340.56
279.08 293.44
265.63 331.65
282.37 302.35
244.63 319.65
265.63 331.65
261.37 290.35
242.59 320.61
273.41 295.39
233.59 309.61
242.59 320.61
264.41 284.39
