262.08 201.39
281.92 214.61
273.92 226.61
254.08 213.39
286.61 187.45
297.39 210.55
282.39 217.55
271.61 194.45
311.35 213.59
316.65 192.41
300.65 188.41
295.35 209.59
309.80 226.60
344.20 209.40
337.20 195.40
302.80 212.60
319.25 213.27
336.75 226.73
326.75 239.73
309.25 226.27
310.38 225.89
321.62 242.11
308.62 251.11
297.38 234.89
290.07 256.57
299.93 229.43
288.93 225.43
279.07 252.57
270.12 251.60
291.88 232.40
276.88 215.40
255.12 234.60
271.86 288.13
352.14 245.87
342.14 226.87
261.86 269.13
269.60 228.22
350.40 251.78
343.40 275.78
262.60 252.22
