300.00 297.00
320.00 217.00
288.00 209.00
268.00 289.00
317.80 300.91
348.20 227.09
314.20 213.09
283.80 286.91
344.19 315.36
367.81 236.64
327.81 224.64
304.19 303.36
355.82 325.35
394.18 252.65
358.18 233.65
319.82 306.35
252.06 280.17
277.94 259.83
266.94 245.83
241.06 266.17
269.44 223.08
282.56 232.92
273.56 244.92
260.44 235.08
288.60 214.44
289.40 229.56
270.40 230.56
269.60 215.44
304.17 237.90
309.83 214.10
288.83 209.10
283.17 232.90
318.34 246.14
325.66 227.86
310.66 221.86
303.34 240.14
333.85 250.91
342.15 237.09
327.15 228.09
318.85 241.91
355.00 261.00
363.00 245.00
347.00 237.00
339.00 253.00
366.35 269.96
375.65 250.04
360.65 243.04
351.35 262.96
345.00 288.00
345.00 270.00
366.00 270.00
366.00 288.00
343.52 285.59
344.48 268.41
326.48 267.41
325.52 284.59
326.76 268.56
327.24 281.44
300.24 282.44
299.76 269.56
298.25 275.78
299.75 266.22
280.75 263.22
279.25 272.78
