287.58 331.82
298.42 296.18
264.58 324.82
287.58 331.82
275.42 289.18
253.24 317.85
288.76 296.15
242.24 299.85
253.24 317.85
277.76 278.15
249.16 258.49
288.84 267.51
244.16 280.49
249.16 258.49
283.84 289.51
287.01 227.28
304.99 258.72
266.01 239.28
287.01 227.28
283.99 270.72
266.21 241.52
285.79 258.48
253.21 256.52
266.21 241.52
272.79 273.48
352.20 186.40
373.80 229.60
288.20 218.40
352.20 186.40
309.80 261.60
374.98 233.09
383.02 190.91
353.98 229.09
374.98 233.09
362.02 186.91
390.15 240.93
411.85 211.07
368.15 224.93
390.15 240.93
389.85 195.07
380.66 245.94
421.34 242.06
378.66 224.94
380.66 245.94
419.34 221.06
379.17 238.67
420.83 245.33
375.17 263.67
379.17 238.67
416.83 270.33
391.97 246.22
418.03 217.78
379.97 235.22
391.97 246.22
406.03 206.78
