285.86 246.68
304.14 261.32
292.14 276.32
273.86 261.68
318.89 233.91
321.11 256.09
301.11 258.09
298.89 235.91
331.49 268.39
346.51 249.61
331.51 237.61
316.49 256.39
337.42 278.47
356.58 269.53
349.58 254.53
330.42 263.47
339.02 275.74
350.98 290.26
333.98 304.26
322.02 289.74
321.15 314.63
322.85 287.37
306.85 286.37
305.15 313.63
281.58 308.88
290.42 295.12
276.42 286.12
267.58 299.88
264.39 291.63
279.61 290.37
278.61 278.37
263.39 279.63
281.09 282.94
284.91 263.06
258.91 258.06
255.09 277.94
299.38 308.45
312.62 293.55
294.62 277.55
281.38 292.45
